subtask1
-58 -58 -60 -62 -62 -67 -61 -60 -62 -59 -56 SSIDName-> COCO WIFI, Westfield, 450 George St

-50 -53 -56 -51 -51 -52 -52 -51 -51 -54 -53 SSIDName-> Central WiFi, Central Park, 28 Broadway

-53 -52 -52 -54 -56 -51 -53 -54 -53 -55 -52 SSIDName-> McDonald's ,Eastgarden


subtask2
-56 -56 -54 -53 -54 -56 -59 -60 -57 -56 -54 A	-33.9182575113774, 151.23110513617223

-63 -66 -64 -63 -65 -65 -63 -63 -67 -61 -62 B	-33.91882577601915, 151.23102751500167

-66 -66 -68 -71 -70 -70 -66 -64 -68 -68 -67 C	-33.918840455422966, 151.2308929010827

subtask3	SOM_CONTROL
-93 -91 -99 -96 -90 -97 -93 -96 -92 -93 -95

-80 -76 -86 -84 -84 -80 -82 -82 -79 -83 -82

-91 -92 -91 -87 -94 -92 -92 -91 -95 -88 -92


subtask4	wang9
-41 -35 -39 -43 -45 -43 -50 -48 -48 -44 -46 	1m

-53 -55 -53 -54 -51 -53 -56 -52 -54 -54 -52 	3m

-58 -56 -57 -61 -60 -58 -62 -59 -58 -57 -59 	5m